99,4
98,4
97,4
96,4
95,4
94,4
93,4
92,4
91,4
90,4
89,4
88,4
86,4
84,5
84,4
80,4
79,4
78,4
74,4
71,4
70,4
69,4
68,4
67,4
66,5
66,4
63,4
62,6
62,5
62,4
57,5
57,4
56,4
55,4
54,4
52,4
51,6
51,5
51,4
50,4
48,4
47,4
46,4
45,5
45,4
44,4
41,4
39,4
38,4
35,4
33,4
32,9
32,8
32,7
32,6
32,5
32,4
31,4
28,4
26,8
26,7
26,6
26,5
26,4
25,4
24,4
23,4
2,38
2,37
2,36
2,35
2,34
2,33
2,6
2,32
4,3
2,31
2,30
2,29
2,28
2,26
2,25
2,24
2,23
2,22
2,21
2,20
2,19
2,17
2,16
2,15
0,680
0,669
0,668
2,18
0,643
0,639
1,5
2,27
0,636
2,3
0,609
0,597
1,3
0,577
0,554
0,543
0,517
0,482
0,470
0,465
0,9
0,455
0,502
0,691
0,689
0,672
0,488
0,454
0,445
0,726
0,300
0,761
0,299
0,459
0,298
0,690
0,297
0,712
0,296
0,658
0,295
0,708
0,294
0,657
0,293
0,684
0,292
0,665
0,291
0,290
0,732
0,289
0,288
0,736
0,287
0,670
0,286
0,679
0,285
0,650
0,284
0,457
0,283
0,653
0,282
0,767
0,281
0,702
0,280
0,635
0,279
0,722
0,278
0,676
0,277
0,654
0,276
0,701
0,275
0,728
0,274
0,755
100,4
101,4
117,4
120,4
124,4
127,4
131,4
131,6
131,7
135,4
137,4
137,6
137,8
138,4
142,4
144,4
148,4
149,4
150,4
152,5
153,4
154,4
154,5
157,4
162,4
163,4
169,4
170,4
170,6
170,7
170,9
170,11
172,4
177,4
179,4
183,4
187,4
189,4
194,4
196,4
196,6
196,7
196,9
197,4
198,4
203,4
203,5
204,4
204,6
204,7
207,4
212,4
212,6
214,4
214,5
225,4
227,4
229,4
231,4
231,6
237,4
237,5
238,4
238,5
244,4
250,4
250,5
255,5
256,4
257,5
259,4
264,4
269,4
270,4
271,5
274,4
275,5
278,4
280,4
281,5
281,6
286,4
288,4
292,4
298,4
298,5
298,7
298,8
298,10
298,12
298,13
298,15
298,16
298,18
303,4
304,4
311,4
312,4
313,4
315,4
319,4
319,6
319,7
319,9
319,10
322,4
322,6
322,7
326,4
330,4
334,4
335,4
341,7
341,9
341,10
341,12
341,13
341,15
344,7
345,0
345,2
345,3
345,5
346,0
346,2
347,0
347,1
347,3
347,4
347,6
347,8
347,9
348,1
348,2
348,4
348,5
349,0
349,2
349,3
349,5
349,6
350,1
350,3
350,4
351,1
351,2
351,4
351,6
351,7
351,9
351,10
351,12
351,13
351,15
353,1
353,2
353,4
353,5
353,7
356,1
356,2
356,4
356,5
359,1
359,2
359,4
362,0
362,1
362,3
362,4
365,0
365,2
365,3
365,5
366,0
366,2
366,3
369,0
369,2
369,3
369,5
372,0
372,2
372,4
372,5
375,1
375,2
375,4
378,0
378,1
378,3
378,4
381,0
381,1
381,3
381,5
384,0
384,2
384,3
384,5
387,1
387,2
387,4
387,5
392,1
392,2
392,4
392,6
392,7
392,9
392,10
393,0
393,2
393,3
393,5
393,6
394,1
394,2
394,4
395,0
395,1
395,3
395,4
395,6
398,1
398,2
398,4
398,5
398,7
400,0
400,2
400,4
400,5
403,0
403,1
403,3
403,5
403,6
403,8
403,9
404,1
404,3
404,4
407,0
407,1
407,3
407,4
407,6
408,0
408,1
408,3
408,4
410,1
410,3
410,4
410,6
411,0
411,2
411,3
411,5
412,0
412,1
412,3
412,4
413,0
413,2
413,3
413,5
415,0
415,2
415,3
415,5
415,7
415,8
415,10
419,0
419,2
419,4
419,5
419,7
419,8
420,1
420,3
420,4
421,0
421,1
421,3
421,4
426,1
426,3
426,4
426,6
426,7
426,9
426,11
426,12
430,1
430,2
430,4
430,5
430,7
430,9
430,10
432,1
432,2
432,4
432,6
432,7
435,0
435,1
435,3
435,4
435,6
437,0
437,1
437,3
437,4
437,6
437,8
438,0
438,2
438,3
439,0
439,2
439,3
439,5
441,0
441,2
441,3
441,5
441,7
442,0
442,2
442,3
443,0
443,2
443,3
444,1
444,2
444,4
444,5
444,7
445,1
445,2
445,4
445,5
445,7
445,9
445,10
445,12
445,13
448,1
448,2
448,5
448,7
450,0
450,2
450,3
450,5
451,0
451,1
451,3
451,4
451,6
451,7
452,0
452,2
452,3
453,0
453,1
453,3
458,0
458,1
458,3
458,4
458,6
458,8
458,9
458,11
458,12
458,14
458,15
459,0
459,2
459,3
459,5
459,6
462,1
462,3
462,4
462,6
465,0
465,2
465,3
465,5
465,7
465,8
465,10
466,0
466,2
466,4
468,0
468,2
468,3
468,5
469,0
469,2
469,4
469,5
470,1
470,2
470,4
473,0
473,1
473,3
473,4
473,6
479,0
479,1
479,3
479,4
479,6
479,7
479,9
479,11
479,12
481,0
481,1
481,3
481,5
481,6
485,1
485,2
485,4
485,5
485,7
486,0
486,1
486,3
486,4
486,6
486,8
490,0
490,2
490,3
490,5
490,6
490,8
490,10
490,11
491,0
491,1
491,3
491,5
491,6
492,1
492,2
494,0
494,1
494,3
494,5
494,6
494,8
494,9
497,0
497,2
497,3
497,5
497,6
505,0
505,2
505,3
505,5
505,6
505,8
505,9
505,11
506,1
506,2
506,4
506,5
508,1
508,3
508,4
510,0
510,1
510,3
510,4
510,6
511,1
511,2
511,4
511,5
512,1
512,3
513,0
513,2
513,3
513,5
514,0
514,2
514,4
514,5
516,1
516,2
516,4
516,6
517,0
517,2
517,3
518,0
518,2
518,3
518,5
518,6
0,440
0,442
0,452
232,3
0,451
0,461
322,3
2,12
51,3
1,4
177,3
138,3
0,458
298,3
90,3
97,3
0,448
0,409
55,3
62,3
2,7
101,3
212,3
211,3
104,3
0,333
2,13
2,14
12,4
12,10
15,4
57,3
56,3
46,3
15,5
15,3
12,3
213,3
67,3
84,3
89,3
207,3
323,3
343,3
88,3
0,446
0,354
0,462
214,3
0,464
131,3
518,7
518,4
518,1
517,4
517,1
516,5
516,3
516,0
514,3
514,1
513,4
513,1
512,2
512,0
511,3
511,0
510,5
510,2
508,5
508,2
508,0
506,3
506,0
505,10
505,7
505,4
505,1
497,7
497,4
497,1
494,10
494,7
494,4
494,2
492,3
492,0
491,4
491,2
490,12
490,9
490,7
490,4
490,1
486,7
486,5
486,2
485,8
485,6
485,3
485,0
481,4
481,2
479,13
479,10
479,8
479,5
479,2
473,7
473,5
473,2
470,5
470,3
470,0
469,3
469,1
468,4
468,1
466,3
466,1
465,9
465,6
465,4
465,1
462,5
462,2
462,0
459,4
459,1
458,16
458,13
458,10
458,7
458,5
458,2
453,4
453,2
452,4
452,1
451,8
451,5
451,2
450,6
450,4
450,1
448,6
448,3
448,0
445,11
445,8
445,6
445,3
445,0
444,6
444,3
444,0
443,1
442,4
442,1
441,6
441,4
441,1
439,4
439,1
438,4
438,1
437,7
437,5
437,2
435,7
435,5
435,2
432,8
432,5
432,3
432,0
430,8
430,6
430,3
430,0
426,10
426,8
426,5
426,2
426,0
421,2
420,5
420,2
420,0
419,6
419,3
419,1
415,9
415,6
415,4
415,1
413,4
413,1
412,5
412,2
411,6
411,4
411,1
410,5
410,2
410,0
408,2
407,7
407,5
407,2
404,5
404,2
404,0
403,7
403,4
403,2
400,6
400,3
400,1
398,6
398,3
398,0
395,5
395,2
394,5
394,3
394,0
393,4
393,1
392,11
392,8
392,5
392,3
392,0
387,3
387,0
384,4
384,1
381,4
381,2
378,5
378,2
375,5
375,3
375,0
372,3
372,1
369,4
369,1
366,4
366,1
365,4
365,1
362,5
362,2
359,5
359,3
359,0
356,3
356,0
353,6
353,3
353,0
351,14
351,11
351,8
351,5
351,3
351,0
350,2
350,0
349,4
349,1
348,6
348,3
348,0
347,7
347,5
347,2
346,3
346,1
345,4
345,1
344,6
341,14
341,11
341,8
341,4
331,4
322,8
322,5
320,4
319,8
319,5
317,4
312,5
304,5
301,4
298,17
298,14
298,11
298,9
298,6
294,4
290,4
283,4
281,4
275,6
275,4
271,4
266,4
260,4
257,4
255,4
248,4
239,4
237,6
232,4
231,5
227,5
216,4
213,4
212,5
206,4
204,5
203,6
201,4
196,10
196,8
196,5
191,4
185,4
182,4
176,4
170,10
170,8
170,5
165,4
158,4
154,6
153,5
152,4
149,5
146,4
140,4
137,7
137,5
133,4
131,5
129,4
123,4
102,4
0,273
0,651
0,272
0,664
0,271
0,700
0,270
0,750
0,269
0,730
0,268
0,622
0,267
0,735
0,266
0,699
0,265
0,760
0,264
0,624
0,263
0,734
0,262
0,621
0,261
0,648
0,260
0,716
0,259
0,661
0,258
0,642
0,257
0,595
0,256
0,721
0,255
0,752
0,254
0,696
0,253
0,746
0,252
0,720
0,251
0,250
0,745
0,249
0,248
0,694
0,247
0,703
0,246
0,714
0,245
0,244
0,693
0,242
0,744
0,241
0,685
0,240
0,743
0,239
0,742
0,238
0,659
0,237
0,715
0,236
0,235
0,711
0,234
0,739
0,233
0,707
0,232
0,727
0,231
0,645
0,230
0,719
0,229
0,228
0,729
0,227
0,740
0,226
0,706
0,225
0,741
0,224
0,666
0,223
0,751
0,222
0,556
0,221
0,762
0,220
0,731
0,219
0,218
0,738
0,217
0,652
0,216
0,766
0,215
0,763
0,214
0,682
0,213
0,749
0,212
0,754
0,211
0,644
0,210
0,725
0,209
0,208
0,640
0,207
0,724
0,206
0,748
0,205
0,656
0,204
0,655
0,203
0,759
0,202
0,201
0,737
0,200
0,764
0,199
0,688
0,198
0,705
0,197
0,663
0,196
0,195
0,723
0,194
0,718
0,193
0,733
0,192
0,587
0,63
0,62
0,662
0,61
0,681
0,60
0,710
0,59
0,704
0,58
0,758
0,57
0,667
0,56
0,753
0,55
0,717
0,54
0,660
0,53
0,765
0,52
0,51
0,641
0,50
0,647
0,49
0,756
0,48
0,626
0,47
0,747
0,46
0,709
0,45
0,646
0,6
0,5
0,304
0,303
0,306
0,305
0,302
0,463
0,12
0,332
0,10
0,444
0,8
0,449
0,11
0,4
0,2
0,3
0,7
